 3043    88  1007 -1400  2995  2829  3990  -240 -2179  2036  2656   405 -1707  2254 -2309  2480  2197   130 -1357 -1597
 3682 -2787  3142  1760 -2985  2867 -2245 -1387   539   -17 -1714 -2903  2517  3895 -1863 -4041 -1652  3289  1059 -2752
 3453 -1632  2485  4083 -3988  3502 -2250 -1033  2788  1428   975     8  2483 -2397 -1826  -164  3074  3625 -1888  3824
-4094  2139 -1716 -3154  3991 -1173   961 -2102  3534  -555 -2973  2335 -3341  1883 -2032  -222 -3632  1353 -3584 -1712
 3383  -506    26 -2802  -704  1718  1763  3587   707 -3641  2817  3337 -3007  2343 -2307  3863 -2893  4085   -72  3007
 2986  1187   685  2688   518    54 -3139  3963  3905 -2991   329 -2526 -2963   309 -4028   794    27   486 -1097 -2256
  768  4060  3642 -4044 -1292 -3081 -2549  -281 -3807 -1412  2568    12   -26 -1842  3662  -402   424 -2477  3853 -3026
  747  2889   449   404   511  1951  -184  -694 -3631  1762  -254 -3556  3964  -651   292 -2364   -76  3585   266  3564
-3325 -2508 -3367 -2073  -475  2721  2040 -3049 -1990  1097   256 -2385  3962  -155  -308 -1539   882 -3925  1272 -2795
 1250 -1970  3858  2194  -644  2466   741  -417  2590  2158 -3194 -3743  1976  -430 -3217  3853   561   849   432 -3310
 3164 -3077 -1986  2078 -1385   182 -3439 -2738  2607  1571 -3702  -833 -1317  3425    93  -149  3202  -103 -2556 -1335
 2436    -9  1411 -2060  4087 -1854 -2709  3466  -842  2690  1339 -1380 -3621 -1564 -1505   422  -928  -761  1259  2315
 1308  3484  -390  3125   237  1476 -3849   998 -1031 -2919 -3472  2029  1565   945  1244  -652 -3555  -504  4077   -58
   52  -499  -198   146   415  2634 -2112  -512 -1601  -251   696 -3612 -1854 -3020 -1549 -2161 -3718  1212  1317  3948
-1460  2745  2553 -3864 -2142 -1382 -2540  3906  2072 -1393  2124  2997 -1866  3848   644  1852  1809  3500  1793  1007
-2785  3480  2402 -2129  3287 -1641  -883   571  -892  3302  2275 -1971 -1823  2155 -1916  2846 -3945 -1390 -3835  1755
 -259  -668  2178 -1930  3650  1986 -3009  4012  1151 -3270   841  -774 -2961  1344  -886 -3452  -188 -1395 -2483  1411
-1743  -716  -581  1505  3506 -3520    42  2252 -2751  1905 -2205 -3459 -1503 -3856  -964  -659 -1278 -2128  2850    43
 2154 -1348  1249  3892 -1744   150  1935 -1019   332 -3834 -1555  -355  2875  2806  -533  2198 -2414 -2407   806  3288
-3793  -680  1812 -1402  3975 -2418 -3722 -2616  1907 -1491   526  1427  2826   848 -2076   112  3116 -2070  1067  2607