 0.0744   -0.0071   -0.0609   -0.0289   -0.0811    0.0154   -0.1814   -0.0383    0.0419   -0.1136   -0.0041   -0.0382   -0.1254    0.0026    0.1263    0.1340   -0.0543    0.1136    0.0303    0.0364
 0.0385    0.0765    0.1187    0.0989   -0.2525    0.2722    0.0273    0.1045    0.2935   -0.3233    0.2911    0.0512   -0.4309   -0.0496    0.1692    0.0720    0.0352    0.2244    0.1591   -0.3234
 0.0667    0.1496   -0.1854    0.0771    0.1851   -0.3123   -0.0515   -0.2448   -0.0199    0.1441   -0.1896    0.0302    0.3640    0.0227   -0.0622   -0.1171   -0.1859   -0.2074   -0.0342    0.0913
-0.0382    0.2903   -0.0445    0.1034    0.0223    0.0867    0.2308    0.0384   -0.2795    0.1125    0.0696    0.0596   -0.2290   -0.2722    0.1380   -0.2877   -0.1485   -0.3106    0.3126    0.0097
-0.1637    0.2485   -0.2773   -0.0312    0.6659   -0.7682    0.3362   -0.2725   -0.6676    0.5240   -0.5453    0.1603    0.6132   -0.2606   -0.2572   -0.3016    0.0680   -0.6407   -0.1568    0.6239
 0.0530    0.4795   -0.3689    0.1143    0.5037   -0.5473    0.4428   -0.0462   -0.6690    0.4074   -0.3042   -0.0165    0.0375   -0.4142   -0.1479   -0.5244   -0.0874   -0.8674    0.2550    0.3261
-0.1759   -0.0570   -0.0833   -0.0367    0.1887   -0.2738    0.1041   -0.1797   -0.0995    0.2284   -0.2848    0.1221    0.3416    0.0788    0.1028   -0.2150   -0.0283   -0.1748   -0.1121    0.1802
-0.1758    0.1432   -0.4097    0.1296    0.3866   -0.3068    0.1879   -0.0706   -0.3528    0.4252   -0.2525    0.0895    0.2436   -0.1694    0.1565   -0.5325   -0.2550   -0.3785    0.1105    0.2230
-0.1074    0.4253   -0.4031    0.0953    0.3513   -0.2958    0.3755    0.0027   -0.4072    0.3498   -0.1358    0.0400   -0.0181   -0.2754    0.1378   -0.6502   -0.3759   -0.4875    0.3109    0.2298
-0.0190   -0.1285    0.2438   -0.1669   -0.1312    0.3605   -0.0184    0.1177    0.2086   -0.3323    0.1851   -0.0731   -0.4100    0.1317    0.0738    0.3919    0.1770    0.3099    0.0268   -0.3082
 0.0960    0.1400   -0.0340    0.0018   -0.0398   -0.0236    0.1520    0.0010   -0.0767   -0.1603    0.0290   -0.0419   -0.2806   -0.2195   -0.0084    0.1060    0.1091   -0.0590    0.2372   -0.0467
 0.3042   -0.0184    0.0257    0.0347   -0.3161    0.3764    0.0103    0.2556    0.3779   -0.3785    0.4840   -0.1805   -0.7020   -0.0454    0.1597    0.2772   -0.0196    0.3013    0.3154   -0.3135
-0.0837    0.4713   -0.3119    0.0687    0.6015   -0.6072    0.4129   -0.1586   -0.6903    0.5756   -0.5819    0.2245    0.3988   -0.3446   -0.2209   -0.6362   -0.0501   -0.8341    0.1264    0.5491
-0.0065   -0.2005    0.4028   -0.2165   -0.1976    0.2494   -0.0687    0.2088    0.2795   -0.4283    0.2180   -0.0591   -0.3941    0.0941   -0.0186    0.5426    0.3529    0.3654    0.0997   -0.2570
-0.0233    0.0976    0.3561    0.0135   -0.0905    0.1430    0.3165    0.2822   -0.1928   -0.1096    0.1943   -0.0300   -0.5989   -0.2068   -0.0939    0.1870    0.3030    0.0511    0.3503   -0.1188
 0.0818   -0.0561    0.1389   -0.0627   -0.2844    0.1990   -0.0857    0.0395    0.2210   -0.2179    0.3020   -0.0299   -0.4896   -0.1210    0.0700    0.2676    0.0024    0.2564    0.1452   -0.2402
 0.1891   -0.3172    0.3578   -0.0895   -0.6527    0.7688   -0.4599    0.1624    0.7782   -0.5182    0.5587   -0.2743   -0.5286    0.2448    0.2929    0.5526   -0.0034    0.8278   -0.0606   -0.6512
 0.2846   -0.1678   -0.0614   -0.0909   -0.2327    0.2219   -0.4467   -0.1373    0.4449   -0.2878    0.3309   -0.2870   -0.0611    0.2979    0.0636    0.3094    0.0042    0.3364   -0.1047   -0.1308
-0.1115    0.1439   -0.1894    0.0079    0.1895   -0.1767    0.2793    0.0984   -0.3525    0.2533   -0.1766    0.2356    0.0569   -0.1216    0.1539   -0.3854   -0.0830   -0.2124    0.1358    0.1133
-0.0395    0.5905   -0.3480   -0.0535    0.4715   -0.6572    0.3655   -0.2498   -0.5215    0.3892   -0.3768    0.0569    0.1854   -0.3197   -0.1832   -0.2733   -0.0109   -0.8571    0.2646    0.4430