 0.2826   -0.0021   -0.2032    0.3064   -0.4777    0.3870    0.1442   -0.1370   -0.1692    0.0638    0.4243    0.2404    0.0747   -0.0632   -0.0936   -0.2757    0.1261    0.2826   -0.0021   -0.2032    0.3064   -0.4777    0.3870    0.1442   -0.1370   -0.1692    0.0638    0.4243    0.2404    0.0747   -0.0632   -0.0936   -0.2757    0.1261
-0.7219   -1.0980   -0.1959    0.7827   -1.1492    0.0730    0.3172   -0.2631    0.8106   -0.2999    1.0769    0.5211    1.6032   -0.3874    1.4441   -0.7892   -0.4633   -0.7219   -1.0980   -0.1959    0.7827   -1.1492    0.0730    0.3172   -0.2631    0.8106   -0.2999    1.0769    0.5211    1.6032   -0.3874    1.4441   -0.7892   -0.4633
 0.6176    0.2914    0.0038    0.1100   -0.3802   -0.0252    0.3747    0.1027   -0.1921    0.2115    0.0265   -0.0710   -0.2219    0.1728   -0.4091   -0.4622    0.1376    0.6176    0.2914    0.0038    0.1100   -0.3802   -0.0252    0.3747    0.1027   -0.1921    0.2115    0.0265   -0.0710   -0.2219    0.1728   -0.4091   -0.4622    0.1376
 0.3029    0.1731    0.3138   -0.3540    0.3554   -0.3684   -0.2057    0.2023    0.0676    0.0325   -0.4972   -0.2498   -0.3255    0.1915   -0.5291    0.1874    0.0609    0.3029    0.1731    0.3138   -0.3540    0.3554   -0.3684   -0.2057    0.2023    0.0676    0.0325   -0.4972   -0.2498   -0.3255    0.1915   -0.5291    0.1874    0.0609
-0.0209    0.0291    0.0970    0.2217   -0.0936   -0.0295    0.1175    0.1553    0.0605    0.0486   -0.0495   -0.0334   -0.3382    0.2407   -0.1586   -0.0006    0.0439   -0.0209    0.0291    0.0970    0.2217   -0.0936   -0.0295    0.1175    0.1553    0.0605    0.0486   -0.0495   -0.0334   -0.3382    0.2407   -0.1586   -0.0006    0.0439
-0.2444   -1.3833   -0.1091    1.1462   -1.5049   -0.1916    0.4981   -0.2065    0.8482   -0.1294    1.1919    0.6606    1.5784   -0.3218    1.0700   -1.4070   -0.3721   -0.2444   -1.3833   -0.1091    1.1462   -1.5049   -0.1916    0.4981   -0.2065    0.8482   -0.1294    1.1919    0.6606    1.5784   -0.3218    1.0700   -1.4070   -0.3721
-0.1058    0.0162    0.2076   -0.6609    0.6721    0.0051   -0.5074    0.0341   -0.0003   -0.0188   -0.3858   -0.2948   -0.1424   -0.0863    0.0601    0.5000    0.0138   -0.1058    0.0162    0.2076   -0.6609    0.6721    0.0051   -0.5074    0.0341   -0.0003   -0.0188   -0.3858   -0.2948   -0.1424   -0.0863    0.0601    0.5000    0.0138
 0.1489    0.1137    0.2193    0.0014    0.0121   -0.1763    0.1050   -0.0339    0.0666   -0.0496   -0.0922   -0.1498   -0.1426    0.0214   -0.2488   -0.2433    0.1382    0.1489    0.1137    0.2193    0.0014    0.0121   -0.1763    0.1050   -0.0339    0.0666   -0.0496   -0.0922   -0.1498   -0.1426    0.0214   -0.2488   -0.2433    0.1382
-0.2330   -1.2783   -0.2456    0.9782   -1.2005   -0.2766    0.3016   -0.0158    0.9427   -0.2742    0.9609    0.3704    1.3053   -0.1234    0.9443   -1.1221   -0.2620   -0.2330   -1.2783   -0.2456    0.9782   -1.2005   -0.2766    0.3016   -0.0158    0.9427   -0.2742    0.9609    0.3704    1.3053   -0.1234    0.9443   -1.1221   -0.2620
 0.2567    0.4632   -0.0464   -0.4336    0.5459    0.1459   -0.0280   -0.1280   -0.3456    0.0317   -0.2383   -0.2056   -0.4506    0.1877   -0.6715    0.2177    0.1746    0.2567    0.4632   -0.0464   -0.4336    0.5459    0.1459   -0.0280   -0.1280   -0.3456    0.0317   -0.2383   -0.2056   -0.4506    0.1877   -0.6715    0.2177    0.1746
-0.4618    0.2598   -0.1570    0.1516    0.0111    0.1915   -0.1730   -0.0969   -0.2599    0.1267    0.0488    0.0964   -0.2964    0.1880    0.1937    0.5364    0.0515   -0.4618    0.2598   -0.1570    0.1516    0.0111    0.1915   -0.1730   -0.0969   -0.2599    0.1267    0.0488    0.0964   -0.2964    0.1880    0.1937    0.5364    0.0515
 0.6019    1.1565    0.2795   -0.7243    0.9598    0.3492   -0.1329    0.0768   -0.7700    0.0959   -0.8528   -0.3753   -1.5176    0.1787   -1.0740    0.7880    0.3308    0.6019    1.1565    0.2795   -0.7243    0.9598    0.3492   -0.1329    0.0768   -0.7700    0.0959   -0.8528   -0.3753   -1.5176    0.1787   -1.0740    0.7880    0.3308
-0.6421   -0.6588   -0.1871    0.5861   -0.5210    0.0660    0.1298   -0.0911    0.1433   -0.0947    0.3228    0.4042    0.7000   -0.0392    0.9381   -0.1838   -0.2909   -0.6421   -0.6588   -0.1871    0.5861   -0.5210    0.0660    0.1298   -0.0911    0.1433   -0.0947    0.3228    0.4042    0.7000   -0.0392    0.9381   -0.1838   -0.2909
 0.0632    0.9037    0.0673   -1.0918    1.2607   -0.0295   -0.4771   -0.0200   -0.6100   -0.0060   -0.7498   -0.4327   -0.9716    0.0966   -0.5312    1.1834    0.1449    0.0632    0.9037    0.0673   -1.0918    1.2607   -0.0295   -0.4771   -0.0200   -0.6100   -0.0060   -0.7498   -0.4327   -0.9716    0.0966   -0.5312    1.1834    0.1449
 0.7757    2.1344    0.5203   -2.1584    2.5217   -0.0266   -1.0327    0.4150   -1.4155    0.4720   -1.8865   -0.9842   -2.6036    0.1795   -1.9100    2.0795    0.4744    0.7757    2.1344    0.5203   -2.1584    2.5217   -0.0266   -1.0327    0.4150   -1.4155    0.4720   -1.8865   -0.9842   -2.6036    0.1795   -1.9100    2.0795    0.4744
 0.0278    0.3389    0.0527   -0.3026    0.5598   -0.0420   -0.0776   -0.1248   -0.1825    0.0772   -0.2570   -0.4004   -0.3018    0.0392   -0.1588    0.5074   -0.0328    0.0278    0.3389    0.0527   -0.3026    0.5598   -0.0420   -0.0776   -0.1248   -0.1825    0.0772   -0.2570   -0.4004   -0.3018    0.0392   -0.1588    0.5074   -0.0328
-0.5838   -0.5128    0.0394   -0.1037    0.2069   -0.1586   -0.2535    0.1797    0.1891   -0.2101   -0.1026    0.0390    0.4757   -0.2149    0.4808    0.3286   -0.1105   -0.5838   -0.5128    0.0394   -0.1037    0.2069   -0.1586   -0.2535    0.1797    0.1891   -0.2101   -0.1026    0.0390    0.4757   -0.2149    0.4808    0.3286   -0.1105
 0.0055    0.0793   -0.1578    0.0235    0.0621    0.0004   -0.0105    0.0260    0.1580    0.0640   -0.0592    0.0065    0.1827   -0.0508   -0.0377   -0.0517   -0.1423    0.0055    0.0793   -0.1578    0.0235    0.0621    0.0004   -0.0105    0.0260    0.1580    0.0640   -0.0592    0.0065    0.1827   -0.0508   -0.0377   -0.0517   -0.1423
 0.2897   -0.4293    0.0338    0.4291   -0.3904   -0.2531    0.4205    0.2027    0.4526   -0.1830    0.3029    0.1496    0.8661   -0.1358   -0.0378   -1.0990    0.1097    0.2897   -0.4293    0.0338    0.4291   -0.3904   -0.2531    0.4205    0.2027    0.4526   -0.1830    0.3029    0.1496    0.8661   -0.1358   -0.0378   -1.0990    0.1097
 0.0386   -1.1364   -0.3006    1.3801   -1.7152    0.0552    0.7483    0.0050    0.7546   -0.0320    0.9819    0.8021    1.1065   -0.1187    0.6356   -1.4760    0.0364    0.0386   -1.1364   -0.3006    1.3801   -1.7152    0.0552    0.7483    0.0050    0.7546   -0.0320    0.9819    0.8021    1.1065   -0.1187    0.6356   -1.4760    0.0364