-1.5102   -0.0565    1.7651   -0.7881    2.9562   -0.3732    0.3764    0.5544    1.3377    1.2631   -0.5042   -0.3961   -0.0176    0.4577   -0.0894   -0.7399    0.3208   -0.8764   -0.7908   -0.3202
-2.5716    0.5318    2.3389   -0.8681    2.8367   -0.1962    0.4254    0.5111    1.4702    1.5882   -1.3069   -0.0162   -1.0820    0.4790   -0.2650   -0.5736    0.5037   -0.9291   -0.7156   -0.4775
-2.9918    0.8537    2.2943   -0.6716    2.5459   -0.0986    0.0784    0.4722    1.4005    1.4046   -1.6400    0.0098   -1.2264    0.4702   -0.2947   -0.1064    0.6095   -0.5291   -0.9393   -0.3726
-2.6772    0.1779    2.7362   -1.2742    3.7143   -0.4001    0.5150    0.8466    1.9040    1.6605   -1.0372   -0.3635   -0.5430    0.5928   -0.0301   -0.7507    0.5031   -1.1634   -0.9653   -0.6608
 2.0167   -0.3241   -1.9749    0.8446   -2.4249    0.2759   -0.3755   -0.4634   -1.4360   -1.1667    0.9809   -0.0008    0.6581   -0.3471    0.0443    0.4544   -0.3241    0.7450    0.6744    0.4280
-3.4140    0.3741    3.2030   -1.2319    4.6113   -0.5169    0.3962    1.0225    2.4537    2.1777   -1.5951   -0.3330   -0.7181    0.8409   -0.2806   -0.8796    0.7185   -1.1830   -1.3151   -0.4378
 1.7699   -0.1736   -1.5582    0.4570   -1.8425   -0.0104   -0.0896   -0.3302   -1.0044   -1.0220    0.8105    0.1863    0.5740   -0.3139    0.0708    0.2389   -0.2876    0.5909    0.5444    0.3275
-0.2744   -0.4011    0.5661   -0.1073    1.0474   -0.0306    0.0029    0.2166    0.2709    0.3933    0.2166   -0.3252    0.2279    0.2716    0.0340   -0.2960   -0.0978   -0.2625   -0.1054    0.0175
 3.6518   -0.5844   -3.3842    1.0788   -4.5305    0.3339   -0.4881   -0.9135   -2.3504   -2.3087    1.7539    0.3972    1.0261   -0.7894    0.1819    0.7494   -0.7685    1.3142    1.2893    0.3967
-1.6958    0.5124    1.5233   -0.6138    1.7091   -0.0747    0.1894    0.3816    1.0232    0.8948   -0.9180    0.0603   -0.6982    0.3660   -0.2497   -0.2664    0.4352   -0.4647   -0.4367   -0.3032
 0.0065   -0.0408   -0.0480    0.0174    0.1859    0.0102    0.0875    0.1257    0.0020    0.0209   -0.0753   -0.0174    0.1184    0.0769   -0.0989   -0.0307   -0.0453   -0.0332   -0.0331    0.1257
-3.0359    0.4488    3.0343   -1.4640    4.0884   -0.4982    0.6299    0.7327    2.0516    1.9222   -1.4376   -0.1955   -0.8806    0.4985   -0.1563   -0.9542    0.5664   -1.2599   -0.9040   -0.6210
 0.2849   -0.0215   -0.1537   -0.0109   -0.5071    0.1769    0.0699   -0.1894   -0.2608   -0.1345    0.1387    0.0196   -0.1104   -0.1537   -0.0453    0.0163   -0.0200    0.1072    0.2004   -0.0466
 4.3139   -0.5379   -4.2803    1.8362   -5.5938    0.4834   -0.7842   -1.1585   -2.9019   -2.6527    2.0060    0.3095    1.1333   -0.8394    0.1532    1.1780   -0.8506    1.6794    1.4781    0.9572
-1.4848   -0.0079    1.6271   -0.5400    2.4017   -0.2951    0.2708    0.4062    1.1815    1.0820   -0.5515   -0.3326   -0.1500    0.4348   -0.1063   -0.6631    0.3310   -0.7972   -0.6188   -0.2605
-3.9443    0.7563    3.4682   -1.0983    4.3727   -0.2592    0.2677    0.9862    2.2574    2.2351   -1.9078   -0.3025   -1.2502    0.7172   -0.2815   -0.5961    0.7298   -1.2296   -1.3529   -0.4392
 2.8676   -0.5301   -2.8565    1.2987   -3.5312    0.3277   -0.6410   -0.5555   -1.8342   -1.8750    1.2948    0.1695    0.9549   -0.5257    0.0599    0.8460   -0.5186    1.1495    0.7952    0.5777
 1.6175   -0.3132   -1.2145    0.3347   -1.5574    0.0012   -0.0694   -0.3204   -0.8846   -0.7862    0.8219    0.0186    0.5790   -0.3048    0.0920    0.2073   -0.4034    0.4818    0.5956    0.1936
-2.1185    0.4076    1.7505   -0.5596    2.3672   -0.2091    0.1628    0.4780    1.2162    1.2101   -0.9780   -0.0624   -0.5177    0.3701   -0.2562   -0.2289    0.4266   -0.4356   -0.6479   -0.1426
-2.8318    0.1893    2.8789   -1.2164    4.2167   -0.3953    0.4947    0.9313    2.0400    1.8195   -1.1177   -0.3849   -0.5572    0.6496   -0.1736   -0.9715    0.3721   -1.1690   -0.9168   -0.4843