 0.1807    0.0005   -0.1732   -0.1456    0.2607    0.1902   -0.0335    0.4605    0.0354   -0.0816   -0.3116   -0.0674    0.0731   -0.2572    0.0632
 0.0347   -0.0182    0.1929   -0.1010    0.2007    0.1777    0.0392    0.1246    0.0789    0.0653   -0.1594    0.0268    0.0533   -0.0213   -0.0094
 0.1355   -0.1321   -0.0507   -0.1563    0.0453    0.2374   -0.0460    0.1589    0.0117   -0.0607   -0.2055    0.1086    0.0483   -0.0653   -0.0193
 0.1973    0.0703    0.2193    0.0139    0.0148    0.0369    0.1803   -0.1004   -0.0376    0.0027    0.0076    0.2463   -0.0312   -0.0065   -0.1153
 0.0754    0.0146   -0.1187   -0.2374    0.3832    0.2876    0.0588    0.4660   -0.0884   -0.0765   -0.2270   -0.1674    0.2051   -0.2816    0.0542
-0.0112   -0.0761   -0.0491   -0.1032    0.0144    0.0658    0.0924    0.2684   -0.0581    0.1239   -0.0163    0.0462    0.1960   -0.2653   -0.0781
-0.2472    0.0670   -0.1275    0.1577    0.1117   -0.2169    0.0620   -0.2032    0.0766   -0.1500    0.0281   -0.2032    0.0031    0.2112   -0.0452
-0.1502    0.1030    0.1663    0.3036   -0.2603   -0.3016    0.0040   -0.5675    0.0938    0.0048    0.3105    0.0672    0.0357    0.1931   -0.1507
 0.0792    0.0292   -0.1161   -0.1234    0.0062    0.0625   -0.1190    0.1204   -0.1402    0.0857    0.0185    0.0524    0.0816   -0.1586   -0.1622
-0.0544    0.0533   -0.1379   -0.0899    0.1978    0.1643    0.0986    0.3352    0.1078   -0.1697   -0.1987   -0.1441   -0.0364   -0.2926    0.1115
 0.2736   -0.2162   -0.0938   -0.1537    0.0557    0.2476   -0.2088    0.5220   -0.1223    0.0203   -0.2594   -0.0391   -0.0525   -0.3578    0.0520
-0.0283    0.0400    0.0338   -0.0911   -0.0361    0.0434   -0.0731    0.1089   -0.1044    0.0136   -0.0655    0.0276    0.1909   -0.0548   -0.0552
 0.0368    0.0668   -0.3296   -0.4236    0.3983    0.1358    0.0424    0.7458   -0.0166   -0.1347   -0.1572   -0.2193    0.1658   -0.4811   -0.0042
-0.2256   -0.0563   -0.1281    0.2485   -0.1672   -0.0550    0.0005   -0.1752    0.1158   -0.1445    0.1599    0.0772   -0.1675    0.2318    0.2129
 0.0910   -0.2236    0.1374   -0.0316   -0.1181    0.1311   -0.1584   -0.0865   -0.0072    0.0353   -0.1347    0.2314   -0.1782   -0.0025    0.1966