 0.0054   -0.0181    0.0326    0.0144   -0.0564   -0.0777    0.1668   -0.0162    0.1011   -0.0811    0.1112    0.0268   -0.0547   -0.0179    0.0279   -0.1416   -0.0595   -0.0860   -0.0034    0.0384
 0.0145   -0.0272   -0.0845    0.0833   -0.0209   -0.0702    0.0673   -0.0124    0.0109    0.0380    0.0579   -0.0066    0.0570   -0.0854   -0.0011   -0.1117   -0.0404   -0.0668    0.0335    0.0651
-0.0013    0.0266   -0.0230    0.0998    0.0088    0.0606   -0.0717    0.0458   -0.0027    0.0027    0.0068   -0.0167   -0.0369   -0.0470   -0.0417    0.0078   -0.0686    0.0002    0.0216    0.0146
 0.0000    0.0180   -0.0014    0.0358    0.0030   -0.0214   -0.0133    0.0175    0.0161    0.0836    0.0214   -0.0211    0.0625    0.0185   -0.0357   -0.0080    0.0541   -0.0493   -0.0679   -0.0467
 0.0233    0.0525   -0.0202    0.0684   -0.0244   -0.0081   -0.0863    0.0498   -0.0510    0.0283   -0.0876   -0.0167    0.0195    0.0862    0.0114    0.0123    0.0113    0.0154   -0.0381   -0.0214
 0.1979    0.1615   -0.0939    0.0745    0.0297   -0.0976   -0.0199    0.0233   -0.0929    0.0447   -0.0567   -0.0728    0.0179    0.0411   -0.0920   -0.1665   -0.0660    0.0254   -0.0953   -0.1102
 0.0156    0.0192   -0.0574   -0.0517   -0.0194    0.0143    0.0847   -0.0325    0.0417   -0.0730    0.0422    0.0519    0.0082   -0.0303    0.0357   -0.0671   -0.0659    0.0397   -0.0161    0.0366
 0.0021   -0.0099   -0.0410    0.0612   -0.0340    0.0047   -0.0861    0.0312    0.0002    0.0149   -0.0067   -0.0262   -0.0212   -0.0469   -0.0082    0.0740    0.0069   -0.0250   -0.0312   -0.0613
 0.1368    0.0372   -0.0564    0.0470   -0.0178   -0.0176    0.0861   -0.0100    0.0549   -0.0377   -0.0292   -0.0719    0.0333   -0.0787   -0.0057   -0.0945   -0.0206   -0.0296   -0.0168   -0.0304
 0.0073   -0.0184   -0.0030    0.0372   -0.0936    0.0023    0.0979    0.0693    0.0225   -0.0493    0.0630   -0.0246   -0.0479   -0.0178   -0.0004   -0.0773   -0.1114   -0.1270    0.0339    0.0085
-0.0335   -0.0048   -0.0294    0.0888    0.0271    0.0328    0.0126   -0.0113    0.0071   -0.0344    0.0208    0.0156   -0.0386    0.0034    0.0808    0.0012    0.0003   -0.0399    0.0640    0.0340
 0.0174    0.0678   -0.0981    0.0400    0.0412   -0.0264    0.0273    0.0716   -0.0196    0.0271   -0.0140    0.0563   -0.0322   -0.0922   -0.0138   -0.0792   -0.0546    0.0865   -0.0470   -0.0258
-0.1004   -0.0864   -0.0630   -0.0580   -0.0089    0.1218    0.0061    0.0533    0.0802   -0.0954    0.0537   -0.0098   -0.1050   -0.0806    0.0356   -0.0202   -0.0318    0.0167    0.0042    0.0190
-0.1064   -0.1242   -0.0052   -0.0091   -0.0239    0.1515   -0.0514    0.0385    0.0124   -0.0559    0.0575    0.0145   -0.0629   -0.0728    0.0226    0.1618    0.0645    0.0381    0.0716    0.0710
-0.0010    0.0558    0.0478    0.0245    0.0487    0.0058   -0.0579   -0.0298   -0.0407   -0.0485   -0.0780    0.0516   -0.0027    0.0424    0.0582    0.1349    0.1157   -0.0202    0.1019    0.1076
-0.0180   -0.0655   -0.0254    0.0176   -0.0073    0.0020   -0.0838    0.0242    0.0327    0.0454    0.0852   -0.0775   -0.0008   -0.0123    0.0345    0.0623    0.0132   -0.0070    0.0328    0.0126
-0.0064    0.0261   -0.0348    0.0105   -0.0688   -0.0080    0.0167    0.0006    0.0533    0.0164    0.0131   -0.0310   -0.0205    0.0398   -0.0627   -0.0227   -0.0153    0.0188   -0.0397   -0.0569
-0.0330    0.0442   -0.0982    0.0976   -0.0001    0.0578    0.0022    0.0184    0.0036   -0.1113    0.0671   -0.0013   -0.0192   -0.1077    0.0622   -0.0948   -0.0392    0.0122    0.0775    0.0300
 0.1030    0.0515    0.0678   -0.1012    0.0008   -0.0165   -0.0664   -0.0294   -0.0326    0.0661   -0.1335    0.0504    0.0167    0.0760   -0.0236    0.0632    0.1076    0.0377   -0.0092   -0.0349
 0.0663    0.0803    0.0558    0.0556   -0.0241   -0.0914    0.0214   -0.0687   -0.0433    0.0501   -0.0020   -0.0550    0.0235    0.0668    0.0169   -0.0317    0.0409   -0.0657   -0.0447    0.0125