20
 2945        -648        1756         454         352        3274        3229          60        1970         -18        2255       -1032       -2349        3898       -1163        2319       -3400       -1965        3345       -1483
-3870       -3342        1468        2836       -3608       -2312        2280       -1097        -357        3571       -2627        3462         719       -3843        3988        1521        3459        3092          81        3981
 3269       -3900        3763        -754        1294       -3466       -3528       -2240        1378        -908       -3201         380       -2927         -51       -3408        -277       -3657        2507         941        1787
 3276         -73        2255        -312        3191        -212       -1813         285        1632       -3137        3319        -214       -3669        2971       -2046       -1964         221        -319       -1507        -712
  197       -1817         882        2673       -3198        2744        -989       -1725         584       -2127        3083         -29        1501       -2107        2550         567       -3123       -3351       -3462       -3289
-3112       -1313        3670        4023        -510        -251        2987       -3536        1054        1514        4094       -1565         889        2738       -3405       -2059        -982         526        2872        1921
-2640       -1743       -3608         196       -1801        -707        -656       -3400        3094        2779        2983        3693       -2297        2568         256       -1481        2562       -2561       -2913        1124
 1688       -2696       -1895        3485        3975          22       -2131       -3537        1329        3851       -3794        3948        -768        1056        2462        3365       -2097         259       -1061       -3492
 2714        -826        3986        1958         890       -3069         799        -739        3075       -2334         366         111        1064       -4078        1956        3155        3149       -1188        1002       -3109
-3811        1619        2229         552       -2018       -3013        -169       -3086        -267        2132        4076        4035         453        -986       -2936        2413        1742       -1518        4075        3945
 2112       -2428        -202        3840       -3010        3034        3264        -467       -2939         688          90        -362       -3051        3312        -509        3488        -999        1857         142         -27
 3744        1362        1481        2658         368         843        3561        3268       -3538        -796        3059        -606       -2710        1477       -1226       -2631       -2057         129        4018       -3913
-1288        -467        -681        3765        2685       -1923        2604       -1199        1755          82       -3521       -2350       -4088        -993        -177         143       -2025        2380       -2241       -3656
 1132        -547        -982        1198        2760        2988        1711       -3112       -1573         -36        3993       -2513        -671        1080         716        1040        2189       -2421        -836       -2942
-1287       -2661       -2349        -987        2730       -3620        1992         566        1402        1240        3462        2725         -95       -2104       -2902        3384       -3688        1459        1610        3223
-2323       -2514        -959        -192       -2428        -347        3274        3072        1248        1996         526        1856       -2787         585        3320        1343        1517       -3667       -3567        -281
 2344         953       -3853        3374         363        1820       -3562       -1241         254       -1623        -562         243        1366        3946        1148        -908         985        2467        2028         498
 1827       -1893        -227       -3975        3071       -1319       -1345       -3753        1762       -3362       -1329        2695       -3950        2864       -2762        1966        2020        1462        -653         -46
-1812         488       -1366       -2813       -3105        -810       -4061       -2930          39        2670        1808          97       -3116       -1775         539        2602        3909        3653        2550       -3541
  675        3643        3898        -233        2919         221        2687       -3469         -99        -905       -3985         425        3703        1494        3535         822        -951       -3346        -987        3257